
499816482
271712617
524541497
234471913
424228569
573936676
714447812
471928572
615947972
618058426
307939676
258836478
328601770
656217128
291824563
108862478
370731340
253888982
465291774
658886441
690719363
645366658
710225782
490932275
603698399
46273354
703179855
337588365
502687009
381891476
620171996
616497203
253460777
646682159
636599952
542878198
706128889
467850590
273530113
544027790
470053750
491268976
754043195
660200948
740931189
778157766
408321312
563036988
637851040
666173840
554975660
661961375
710962443
682690648
527242156
395667865
709757747
756625422
512699176
187477768
506031169
772013281
684021570
292223932
350455638
765979261
174252395
783187266
790603599
486308691
650927069
708343678
758655133
271557158
635416033
615197719
296391029
323208037
504573159
285151723
643355655
428438612
528331733
612307142
546512137
519504612
522301473
378785488
575110646
415128646
497686393
754296391
191099371
605413848
277038758
680645911
777480158
506914470
663347659
65962663
730659621
451181782
400009291
448953647
767840410
284939817
650573425
699358446
615176995
555078617
707455422
605341956
551670866
604025702
620211907
285917546
787652931
253469837
618181327
601888766
668690643
616941666
39040544
412288405
692474024
646034057
640175886
664685288
739641958
172219127
737495421
390195609
586420471
790955760
485733019
720811017
748334210
692159315
623880320
664565354
393294918
348068558
685308591
363710460
767883737
668989547
753069051
613942630
748185093
308144761
444773537
517585980
511462046
633318916
399262343
594332598
565665997
569487289
721767327
199905194
571354309
762812058
531684112
714566742
700391689
594150181
656732783
371143296
437198583
298597322
353061360
394180808
783666325
257013207
765563822
348594420
171066164
689462161
492297585
637260025
245147497
621751409
758994980
579946150
360186249
417571096
465753909
160897937
773837383
457693642
673587215
218052359
639863228
694337400
391755038
421086489
691771341
517873600
145538703
546375676
674626144
374381452
642649533
701271446
520080037
606226878
715841572
509780018
672083605
760594778
470363496
356465180
735259924
493001720
799810482
566074612
568325267
443053161
757113163
555872728
776189349
712099966
568140706
558541017
183809056
752449769
717416624
488082786
760615423
552341846
643141024
535836972
360916395
584925994
677561710
726263304
312093431
723048263
487603773
744015095
751892359
708787547
768480472
712760219
59390755
758438491
409007093
625274704
181670948
798757138
699302275
737622344
534750618
739716963
624616672
626208508
455778035
778489106
364627168
625605649
644532471
312675442
503489930
619604121
679466662
348152036
587124857
723108841
72861856
645318901
645518847
589578722
644622755
379569389
606926819
111445855
533490780
697572422
531236767
427535167
247812017
178063053
599653340
657093463
753546712
712642609
622520195
739449418
667391705
735246042
867140592
437716797
48112041
345784154
731628681
739445610
832466364
800452035
592810210
888765977
757067912
716959845
227210441
696509164
563473224
820402006
822245541
797760312
591126055
366095141
162251545
516935564
868484788
549814647
693906362
346566239
800121451
772042208
654056939
627621848
513126222
731543288
609197199
444628406
417982290
561606359
500058653
847675091
394708638
750053785
219213211
878156390
784716371
847488579
514181013
637094095
755504486
585864321
766220613
620529346
631284365
642819125
640999608
689507660
260953770
871695441
772108991
524894010
772880460
391803522
56477626
681814888
697983160
768974639
703874744
560725567
790270499
663118721
298234416
165268222
694866516
713932418
753020530
856919788
761820681
550584347
849882715
602205083
535716427
613715223
241877697
661483985
623534517
655335294
709837310
839539633
673856190
554401935
262314362
377170260
882324869
752901951
752424530
396320213
320708144
647839913
443723065
883947631
515891830
588594112
436828520
596004718
786404694
822309285
639997842
840010775
542749936
865199056
132016708
519155083
813974037
756569658
813428242
251020275
317379835
860461170
882851402
895925034
610135992
759071661
778324616
741228524
239780360
713203557
811358962
705023696
798249367
381387301
301314891
830605395
584721915
752714386
880524537
609364697
672779656
75775145
603725231
671051152
749849211
780979791
854235973
495525380
201076638
856616920
686926165
880057599
744022813
449362147
787213902
760701200
887789516
646532772
390993560
843869587
896645631
620108587
680671427
740135499
672688763
701455028
871629840
989092309
464422303
955082781
833481811
659207583
896764282
1018185537
939361461
785127124
1031343149