
499816482
271712617
524541497
234471913
424228569
573936676
714447812
471928572
615947972
618058426
307939676
258836478
328601770
656217128
291824563
108862478
370731340
253888982
465291774
658886441
690719363
645366658
710225782
490932275
603698399
46273354
703179855
337588365
502687009
381891476
620171996
616497203
253460777
646682159
636599952
542878198
706128889
467850590
273530113
544027790
470053750
491268976
754043195
660200948
740931189
778157766
408321312
563036988
637851040
666173840
554975660
661961375
710962443
682690648
527242156
395667865
709757747
756625422
512699176
187477768
506031169
772013281
684021570
292223932
350455638
765979261
174252395
783187266
790603599
486308691
650927069
708343678
758655133
271557158
635416033
615197719
296391029
323208037
504573159
285151723
643355655
428438612
528331733
612307142
546512137
519504612
522301473
378785488
575110646
415128646
497686393
754296391
191099371
605413848
277038758
680645911
777480158
506914470
663347659
65962663
730659621
451181782
400009291
448953647
767840410
284939817
650573425
699358446
615176995
555078617
707455422
605341956
551670866
604025702
620211907
285917546
787652931
253469837
618181327
601888766
668690643
616941666
39040544
412288405
692474024
646034057
640175886
664685288
739641958
172219127
737495421
390195609
586420471
790955760
485733019
720811017
748334210
692159315
623880320
664565354
393294918
348068558
685308591
363710460
767883737
668989547
753069051
613942630
748185093
308144761
399262343
660898646
298597322
724871801
444773537
517585980
511462046
199905194
633318916
583360090
565665997
594332598
569487289
721767327
476002447
571354309
762812058
531684112
606226878
714566742
700391689
594150181
626490547
656732783
569909733
680831254
514181013
371143296
437198583
729751071
257013207
353061360
577473933
394180808
783666325
417571096
643141024
160790400
765563822
348594420
656343957
678509239
171066164
689462161
617485491
492297585
637260025
245147497
621751409
758994980
579946150
360186249
465753909
531654406
160897937
773837383
457693642
673587215
639863228
470363496
218052359
677561710
628363969
583904521
694337400
796748130
391755038
421086489
691771341
517873600
713933484
30102150
145538703
181670948
799810482
319504710
642649533
546375676
674626144
374381452
395936975
629445538
701271446
520080037
595765269
715841572
447764745
276382047
509780018
672083605
760594778
626208508
584925994
356465180
735259924
493001720
566074612
568325267
443053161
757113163
555872728
776189349
712099966
568140706
558541017
183809056
752449769
717416624
645017283
707650355
624154941
-336293946
488082786
461794787
760615423
493010132
717076746
552341846
535836972
463819840
360916395
416121326
633755152
747623845
757196726
599653340
726263304
312093431
723048263
487603773
744015095
739716963
778188141
751892359
708787547
565684356
562890587
752985260
768480472
712760219
559916174
59390755
758438491
409007093
625274704
798757138
618970270
573371611
699302275
737622344
534750618
624616672
12783833
406697237
579902786
672143971
455778035
584821521
778489106
434832426
364627168
625605649
555483050
644532471
312675442
503489930
619604121
679466662
348152036
587124857
474876359
723108841
884228330
72861856
645318901
645518847
589578722
124137079
644622755
379569389
606926819
111445855
370815124
533490780
697572422
531236767
427535167
247812017
178063053
402238130
482378114
171425520
598646564
813320512
657093463
602753648
753546712
309391016
767160378
712642609
622520195
739449418
635399080
667391705
522725271
624448268
441795295
735246042
695444223
867140592
437716797
48112041
595927703
345784154
625231692
496065315
731628681
647160294
739445610
620794710
832466364
800452035
646714306
749858777
512769568
592810210
888765977
706483383
183519070
722836918
757067912
97990958
726527965
715649262
716959845
727322934
213652016
641514922
767351318
227210441
696509164
563473224
820402006
822245541
727555921
549940711
797760312
263433693
591126055
630365508
366095141
162251545
195076751
516935564
868484788
549814647
374964499
693906362
346566239
800121451
772042208
678002454
654056939
643050227
627621848
784654388
513126222
609881466
652918523
731543288
609197199
444628406
417982290
892865438
561606359
500058653
847675091
394708638
694866516
550545130
667432674
670295670
761820681
750053785
219213211
878156390
784716371
847488579
681130509
637094095
755504486
585864321
766220613
620529346
631284365
642819125
640999608
689507660
260953770
697983160
890760968
871695441
772108991
524894010
837297438
772880460
391803522
800753643
56477626
681814888
768974639
700694218
796137822
703874744
560725567
790270499
620051390
663118721
298234416
165268222
609364697
713932418
753020530
856919788
613715223
598551274
876947147
763814007
550584347
849882715
602205083
535716427
241877697
661483985
623534517
358004299
773898575
815656353
655335294
709837310
839539633
673856190
777405021
693358340
554401935
262314362
377170260
882324869
752901951
752424530
588201882
895925034
826817838
396320213
320708144
647839913
443723065
883947631
637876296
515891830
588594112
519614823
436828520
596004718
786404694
822309285
639997842
840010775
542749936
865199056
132016708
519155083
786318502
730785833
813974037
756569658
813428242
251020275
831130101
317379835
860461170
882851402
610135992
759071661
778324616
239780360
741228524
782991597
811358962
713203557
705023696
160205081
798249367
381387301
853947601
301314891
830605395
584721915
752714386
880524537
672779656
75775145
603725231
856616920
671051152
749849211
854235973
398252675
780979791
629319918
495525380
201076638
740606696
686926165
880057599
518282342
465749678
744022813
847585360
449362147
759481331
876525759
229248624
766838687
853654831
787213902
757899125
760701200
780012978
888880939
603173719
788130767
-328999374
887789516
217029810
553901746
335833333
778742428
646532772
864569462
390993560
800605340
541565853
775728371
843869587
620108587
218879629
858605449
896645631
875638383
803506125
843419085
463708720
630074315
724128180
794251913
812796533
783177621
119915433
891466125
717990130
640334778
639085957
309254077
786828211
688477683
207057175
680671427
748584198
740135499
672688763
701455028
871629840
989092309
464422303
742645966
955082781
977589234
833481811
738385398
868582819
715454318
659207583
850916241
521154623
983215934
899457400
232876149
822209948
979182182
683367698
896764282
804223957
784928798
1064590290
1018185537
939361461
733228595
1066631823
863626113
972946583
740278807
523651275
1036449811
785127124
634943745
1017959973
1031343149
996181172
546425671